0, -1.8078291814946397
0, 5.423487544483976
0.594867250135465, 11.345342586457718
0.9655383004711311, 13.980748082321838
1.1508738256389606, 20.381018572277526
1.4288771133907048, 23.769397066959925
1.706880401142456, 27.157775561642325
2.077551451478122, 30.828518930881614
2.540890264397696, 35.91108667290524
3.0968968399011914, 40.2877422285367
3.652903415404687, 44.38203290961127
4.208909990908182, 48.05277627885056
4.764916566411671, 51.5823372108114
5.320923141915166, 54.829533268215386
5.876929717418662, 57.794364451062506
6.432936292922157, 60.900378071188044
6.988942868425653, 64.42993900314889
8.008288256848722, 68.5712904966496
8.934965882687884, 72.90088523985492
9.768975745943123, 76.5716286090942
10.880988896950115, 80.80710172744722
11.993002047957098, 85.18375728307868
13.10501519896409, 88.99568308959638
14.21702834997108, 92.66642645883567
15.329041500978065, 96.33716982807496
16.441054651985056, 99.72554832275736
17.553067802992047, 103.11392681743979
18.66508095399903, 106.50230531212219
19.77709410500602, 109.46713649496931
20.889107256013013, 112.57315011509485
22.001120407020004, 115.53798129794197
23.113133558026995, 118.2204476062322
24.22514670903397, 120.90291391452246
25.337159860040963, 123.72656266009113
26.449173011047954, 126.40902896838136
27.561186162054945, 128.80913040211476
28.673199313061936, 131.35041427312655
30.06321575182067, 134.4564278932521
31.453232190579406, 137.2800766388208
32.84324862933814, 140.38609025894633
34.51126835584862, 143.77446875362875
36.179288082359115, 146.97460399860657
37.847307808869594, 149.98649599387983
39.515327535380074, 153.28075286370995
41.18334726189055, 156.19852323413093
42.85136698840105, 159.0221719796996
44.519386714911526, 162.03406397497287
46.46540972917375, 165.2341992199507
48.41143274343599, 168.43433446492853
50.07945246994647, 171.06973996079262
51.74747219645695, 173.70514545665674
53.693495210719185, 176.59938542086462
55.91752151273317, 179.9171726969078
58.141547814747135, 183.234959972951
60.36557411676112, 186.19979115579815
62.5896004187751, 189.4469872132021
64.81362672078907, 192.34122717741002
67.03765302280306, 195.2354671416179
69.26167932481704, 198.1297071058258
71.48570562683099, 200.81217341411605
73.70973192884497, 203.4946397224063
75.93375823085896, 205.89474115613967
78.43578782062468, 208.71838990170835
81.21582069814215, 211.54203864727702
83.99585357565962, 214.19626846811158
86.7758864531771, 216.79402531403477
89.55591933069459, 219.22236323522384
92.33595220821206, 221.53775520659013
95.11598508572953, 223.7402012281337
97.896017963247, 225.82970129985452
100.67605084076447, 227.91920137157535
103.45608371828195, 229.7263365687393
106.23611659579942, 231.53347176590327
109.01614947331689, 233.28413398815584
111.79618235083436, 234.92185026058567
114.57621522835183, 236.5595665330155
117.3562481058693, 237.91491793088846
120.13628098338677, 239.3832152785842
122.91631386090424, 240.73856667645714
125.69634673842171, 241.9809721245074
128.47637961593918, 243.1669045976462
131.25641249345665, 244.29636409587368
134.03644537097412, 245.42582359410116
136.8164782484916, 246.38586416759452
139.5965111260091, 247.28943176617648
142.37654400352656, 248.19299936475846
145.15657688104403, 248.98362101351768
147.9366097585615, 249.8307156371883
150.71664263607897, 250.45191836121342
153.49667551359644, 251.0731210852385
156.2767083911139, 251.63785083435226
159.05674126863138, 252.202580583466
161.83677414614885, 252.65436438275697
164.61680702366633, 253.0496752071366
167.3968399011838, 253.50145900642758
170.17687277870127, 253.6708779311617
172.95690565621874, 254.0661887555413
175.7369385337362, 254.17913470536405
178.51697141125368, 254.23560768027545
181.29700428877115, 254.46149957992094
184.07703716628862, 254.46149957992094
186.8570700438061, 254.46149957992094
189.63710292132356, 254.40502660500954
192.41713579884106, 254.17913470536405
195.19716867635853, 254.17913470536405
197.977201553876, 253.8967698308072
200.75723443139347, 253.61440495625033
203.53726730891094, 253.2755671067821
206.3173001864284, 252.88025628240246
209.09733306394588, 252.42847248311148
211.87736594146335, 251.9766886838205
214.65739881898082, 251.41195893470675
217.43743169649832, 250.79075621068165
220.21746457401576, 250.05660753683378
222.99749745153326, 249.3789318378973
225.7775303290507, 248.64478316404944
228.5575632065682, 247.6847425905561
231.33759608408565, 246.8376479668855
234.11762896160315, 245.87760739339214
236.8976618391206, 244.8610938449874
239.6776947166381, 243.73163434675996
242.45772759415553, 242.5457018736211
245.23776047167303, 241.3032964255709
248.01779334919047, 240.06089097752067
250.79782622670797, 238.64906660473633
253.5778591042254, 237.237242231952
256.3578919817429, 235.65599893443354
259.13792485926035, 234.13122861182643
261.91795773677785, 232.43703936448523
264.6979906142953, 230.68637714223266
267.4780234918128, 228.76629599524597
270.2580563693303, 226.78974187334788
273.03808924684773, 224.75671477653844
275.81812212436523, 222.6672147048176
278.5981550018827, 220.35182273345129
281.3781878794002, 217.97995778717362
284.1582207569176, 215.4386739161618
286.9382536344351, 212.95386302006136
289.71828651195256, 210.1302142744927
292.2203161017183, 207.44774796620243
294.44434240373226, 204.97705531382985
296.6683687057463, 202.43577144281804
298.89239500776023, 199.68271391588857
301.1164213097742, 196.92965638895913
303.3404476117882, 193.96482520611198
305.2864706260504, 191.30588930403482
307.23249364031267, 188.38811893361384
309.4565199423266, 184.99974043893144
311.40254295658883, 181.7996051939536
313.07056268309935, 178.88183482353264
314.7385824096098, 175.8699428282594
316.4066021361203, 172.57568595842926
318.0746218626308, 169.18730746374683
319.7426415891413, 165.51656409450757
321.41066131565174, 162.22230722467742
323.07868104216226, 159.2104152294042
325.02470405642447, 156.1279320154917
327.2487303584384, 152.95132717672695
329.47275666045243, 150.12767843115827
331.97478625021813, 147.445212122868
334.75481912773563, 144.62156337729934
337.5348520052531, 142.1367524811989
340.31488488277057, 139.93430645965535
343.094917760288, 138.01422531266866
345.8749506378055, 136.26356309041606
348.65498351532295, 134.6823197928976
351.43501639284045, 133.383441369936
354.2150492703579, 132.1410359218858
356.9950821478754, 131.12452237348108
359.7751150253929, 130.2209547748991
362.55514790291033, 129.43033312613989
365.33518078042783, 128.75265742720336
368.1152136579453, 128.244400653001
370.8952465354628, 127.79261685371003
373.6752794129802, 127.67967090388728
376.4553122904977, 127.56672495406454
379.23534516801516, 127.39730602933042
382.01537804553266, 127.39730602933042
384.7954109230501, 127.39730602933042
387.5754438005676, 127.39730602933042
390.35547667808504, 127.39730602933042
393.13550955560254, 127.39730602933042
395.91554243312, 127.39730602933042
398.6955753106375, 127.39730602933042
401.4756081881549, 127.39730602933042
404.2556410656724, 127.39730602933042
407.03567394318986, 127.39730602933042
409.81570682070736, 127.39730602933042
412.59573969822486, 127.39730602933042
415.3757725757423, 127.39730602933042
418.1558054532598, 127.39730602933042
420.93583833077724, 127.39730602933042
423.71587120829474, 127.39730602933042
426.4959040858122, 127.39730602933042
429.2759369633297, 127.39730602933042
432.0559698408471, 127.39730602933042
434.8360027183646, 127.39730602933042
437.61603559588207, 127.39730602933042
440.39606847339957, 127.39730602933042
443.176101350917, 127.39730602933042
445.9561342284345, 127.39730602933042
448.73616710595195, 127.39730602933042
451.51619998346945, 127.39730602933042
454.2962328609869, 127.73614387879866
457.0762657385044, 129.09149527667162
459.8562986160219, 129.9950628752536
462.63633149353933, 130.50331964945596
465.41636437105683, 130.44684667454456
468.19639724857427, 129.8256439505195
470.97643012609177, 128.92207635193748
473.7564630036092, 127.39730602933042
476.53649588112665, 124.96896810814135
479.3165287586442, 123.16183291097738
482.09656163616165, 122.0888463876613
484.8765945136791, 120.90291391452246
487.65662739119654, 119.66050846647224
490.4366602687141, 118.19221111877653
493.21669314623153, 116.61096782125804
495.996726023749, 114.97325154882822
498.7767589012664, 113.1096433767529
501.556791778784, 111.07661627994347
504.3368246563014, 108.87417025839989
507.11685753381886, 106.50230531212219
509.8968904113363, 103.96102144111038
512.6769232888538, 101.1373726955417
515.1789528786195, 98.38431516861223
517.4029791806335, 95.701848860322
519.6270054826474, 92.87820011475333
521.5730284969097, 90.12514258782386
523.2410482234202, 87.48973709195974
524.9090679499307, 84.85433159609568
526.5770876764411, 81.74831797597011
528.2451074029516, 78.54818273099227
529.6351238417103, 75.58335154814517
530.7471369927173, 72.90088523985492
531.8591501437244, 69.93605405700782
532.9711632947314, 66.68885799960384
534.9171863089936, 63.865209254035165
536.8632093232558, 62.17102000669394
537.4192158987593, 58.78264151201154
538.587171339621, 55.67662789188597
539.6432422007732, 52.852979146317296
541.3112619272837, 49.8881479634702
543.8132915170495, 47.488046529736806
546.5933243945669, 46.019749182041096
549.3733572720844, 45.455019432927344
552.1533901496019, 45.285600508193255
554.9334230271194, 45.22912753328188
557.7134559046368, 45.22912753328188
560.4934887821543, 45.22912753328188
563.2735216596718, 45.22912753328188
566.0535545371893, 45.22912753328188
568.8335874147067, 45.22912753328188
571.6136202922241, 45.22912753328188
574.3936531697417, 45.22912753328188
577.1736860472591, 45.22912753328188
579.9537189247766, 45.22912753328188
582.733751802294, 45.22912753328188
585.5137846798116, 45.22912753328188
588.293817557329, 45.22912753328188
591.0738504348465, 45.22912753328188
593.8538833123639, 45.34207348310463
596.6339161898815, 45.90680323221835
599.4139490673989, 47.7704114042937
602.1939819449163, 50.59406014986237
604.9740148224339, 53.41770889543105
607.7540476999513, 56.12841169117698
610.5340805774688, 58.04849283816367
613.3141134549862, 58.83911448692291
616.0941463325038, 58.78264151201154
618.8741792100212, 58.78264151201154
621.6542120875387, 58.78264151201154
624.4342449650561, 58.78264151201154
627.2142778425737, 58.78264151201154
629.9943107200911, 58.78264151201154
632.7743435976085, 58.78264151201154
635.554376475126, 58.78264151201154
638.3344093526435, 58.78264151201154
641.2997777553288, 59.11206719899454
643.8944751076784, 58.38733068763193
646.6745079851959, 57.82260093851818
649.4545408627134, 57.540236063961316
652.2345737402309, 57.14492523958171
655.0146066177483, 57.08845226467034
657.7946394952659, 57.08845226467034
660.5746723727833, 57.257871189404455
663.3547052503008, 57.59670903887266
666.1347381278182, 57.540236063961316
668.5257372186355, 56.89044986031519
669.748780868591, 54.75894204957618
671.6948038828532, 51.44115477353296
673.0848203216119, 48.899870902521144
674.4748367603706, 45.79385728239561
675.8648531991294, 42.68784366227007
676.9768663501363, 39.86419491670139
678.0888795011433, 37.04054617113272
679.2008926521504, 33.65216767645029
680.3129058031574, 29.981424307211
681.4249189541644, 25.887133626136432
681.9809255296678, 22.639937568732478
682.8149353929231, 18.828011762214715
683.3709419684266, 15.298450830253898
683.92694854393, 12.474802084685223
684.1122840690979, 8.23932896633221
684.4829551194335, 4.56858559709292
684.4829551194335, 1.744936851524244